0 108110 108110 0 0 1 117.223 39.9346
1 57234 60147 0.0548351 0.299246 0.0222717 116.411 39.9097
2 115325 115185 0.557504 0.270006 0.0239827 116.333 40.0708
3 115639 115639 0 0 0.953746 116.309 40.0078
4 125832 125830 0.209331 0.551796 0.0646926 116.597 40.0241
5 26382 26382 0 0 0.0926588 116.242 39.7984
6 54170 52820 0.044382 0.0513907 0.842649 116.36 39.9112
7 13017 13017 0 0 0.221292 116.894 39.4022
8 107991 107992 0.0011405 0.889292 0.778708 117.004 39.9498
9 11724 11722 0.286757 0.173189 0.215978 116.66 39.6334
10 4985 4985 0 0 0.784022 116.529 39.4294
11 107124 107123 0.626374 0.0642819 1 117.124 39.8031
12 113859 113853 0.357421 0.0864424 1 116.241 40.0177
13 163031 163031 0 0 0.080211 116.731 40.5701
14 43870 43870 0 0 0.107571 116.227 39.853
15 114516 120179 0.284321 0.0232386 0.812218 116.341 40.0051
16 83403 83402 0.017197 0.0585607 0.0281907 116.35 39.9704
17 78688 78687 0.081594 0.0431848 0.0421954 116.353 39.9639
18 83994 80060 0.0771401 0.0540906 0.929614 116.358 39.9575
19 42529 44620 0.149309 0.229798 0.0763848 116.247 39.9077
20 79156 79724 0.118579 0.402869 0.0778426 116.349 39.9396
21 117451 119553 0.0612333 0.0665706 0.0906706 116.299 40.0496
22 116951 116952 0.0489955 0.0140205 0.755102 116.331 40.0033
23 106632 106632 0 0 1 117.268 39.4338
24 56695 60961 0.0946852 0.229969 0.155135 116.404 39.8559
25 81025 81026 0.0703694 0.0274445 0.254347 116.356 39.9956
26 80257 80256 0.0658102 0.083686 0.590518 116.365 39.9221
27 105835 73260 0.0396344 0.443976 1 116.847 39.9206
28 92698 91181 0.0612084 0.0652814 0.0134153 116.424 39.9685
29 45288 45289 0.218879 0.0105372 0.0142873 116.347 39.8942
30 157041 158048 0.00355937 0.0266938 0.0167468 116.846 40.3403
31 88733 89895 0.0338244 0.178384 0.0294019 116.385 39.9537
32 48856 45022 0.0221624 0.0536572 0.0321744 116.347 39.909
33 98021 97414 0.0780128 0.0422361 0.0424148 116.405 39.9983
34 92225 92227 0.0831654 0.0804123 0.160581 116.385 39.9834
35 80096 80095 0.162728 0.057781 0.690978 116.366 39.9685
36 82006 83592 0.00351638 0.0450111 1 116.292 39.9781
37 75579 75580 0.0233267 0.188919 0.247048 116.163 39.9249
38 86611 86611 0 0 0.752952 116.306 39.9872
39 52120 61498 0.147844 0.0490065 0.0234487 116.377 39.8542
40 171368 171368 0 0 0.0320867 117.275 40.8795
41 120818 120815 0.339808 0.178233 0.0390429 116.449 40.0196
42 89264 93599 0.0221621 0.082807 0.0505857 116.449 39.9204
43 52739 50738 0.0361523 0.29009 0.0605615 116.341 39.8873
44 82644 82645 0.0273123 0.0551426 0.0751429 116.305 39.9204
45 97491 97492 0.0389676 0.111941 0.719132 116.377 39.9534
46 154728 154727 0.0697615 0.0654343 1 116.542 40.4166
47 133990 133991 0.259511 0.0325759 0.0778356 116.497 40.0889
48 154424 154422 0.0913807 0.00385416 0.0800208 116.56 40.3369
49 150673 150672 0.370135 0.052799 0.0829344 116.585 40.2956
50 154714 154714 0 0 0.126015 116.547 40.4058
51 62976 57048 0.0365157 0.0615672 0.633195 116.472 39.8685
52 154028 154028 0 0 0.200764 116.033 40.3565
53 118246 117497 0.0872982 0.204835 0.208404 116.324 40.0699
54 82226 82226 0 0 0.590832 116.281 39.9688
55 168322 168346 0.418162 0.50545 0.0176263 117.331 40.4167
56 167788 167867 0.43216 0.351646 0.020961 117.154 40.2735
57 140707 140706 0.328715 0.400617 0.0565313 116.977 40.1303
58 66011 69279 0.0376365 0.0748928 0.904881 116.623 39.8439
59 32462 32461 0.131925 0.152454 1 116.413 39.8094
60 135051 135050 0.118692 0.208288 0.0174147 116.612 40.1464
61 13055 13055 0 0 0.0321435 116.766 39.5169
62 123749 123378 0.208413 0.19014 0.0398256 116.459 40.0065
63 124789 124788 0.0814018 0.170042 0.910616 116.535 40.0764
64 167201 167201 0 0 1 117.381 40.1403
65 81019 81020 0.105259 0.0240286 1 116.335 39.9983
66 5731 6386 0.00354018 0.301899 1 116.272 39.509
67 168668 168703 0.741447 0.1066 0.490043 117.051 40.5557
68 125379 125381 0.110943 0.202016 0.509957 116.548 40.0119
69 58917 62454 0.0583711 0.115623 0.0452362 116.388 39.8753
70 65459 61403 0.0257772 0.481073 0.0666819 116.383 39.8712
71 65020 65030 0.161626 0.213935 0.177285 116.378 39.8672
72 61891 55990 0.0748737 0.0467087 0.300984 116.42 39.8672
73 37907 36155 0.0185015 0.101312 0.409814 116.524 39.7985
74 103145 103145 0 0 0.179579 116.654 39.933
75 87811 87811 0 0 0.820421 116.261 39.9835
76 98633 88705 0.0245049 0.143443 0.25181 116.423 39.9565
77 164381 164376 0.210396 0.0325525 0.295685 117.117 40.1506
78 164608 164610 0.0695411 0.414375 0.452505 117.004 40.1337
79 56359 56358 0.0791091 0.142903 0.0516817 116.426 39.8591
80 58396 58397 0.0988433 0.193925 0.0784249 116.467 39.9066
81 70383 70380 0.103738 0.111732 0.106645 116.638 39.8828
82 115927 115988 0.227109 0.252069 0.190484 116.316 40.0413
83 86076 86077 0.0296293 0.0672113 0.572765 116.316 39.966
84 79039 79038 0.170971 0.120151 1 116.307 39.96
85 78473 78475 0.152764 0.0851291 0.303639 116.363 39.9814
86 80230 78457 0.0968155 0.424604 0.696361 116.344 39.9222
87 117081 119989 0.0388469 0.0661535 0.0140014 116.361 40.0296
88 79671 79674 0.0641096 0.234388 0.0185448 116.327 39.9765
89 78625 78620 0.111944 0.133729 0.0499165 116.324 39.9785
90 115495 114973 0.152403 0.266589 0.0549855 116.299 40.0112
91 78614 86743 0.0536541 0.0284949 0.0620325 116.325 39.9806
92 80166 87492 0.18608 0.151847 0.0684614 116.333 39.9908
93 84637 84638 0.00494217 0.0739868 0.732058 116.331 39.9887
94 157923 157924 0.149796 0.0567591 0.0806109 116.825 40.3638
95 11866 11866 0 0 0.118693 116.705 39.6446
96 128334 128334 0 0 0.800696 116.765 40.0042
97 72685 72684 0.380108 0.201094 1 116.722 39.8421
98 101423 101424 0.677224 0.175588 1 116.521 39.9742
99 36159 37075 0.33166 0.0262844 0.0222891 116.54 39.7772
100 97715 95687 0.0366831 0.216 0.0378661 116.484 39.9544
101 124853 124280 0.0756948 0.0794849 0.0396391 116.568 40.081
102 152430 152430 0 0 0.0526516 116.624 40.3343
103 80617 86750 0.123889 0.108929 0.847554 116.316 39.9798
104 44430 43842 0.0011677 0.118023 0.0213245 116.188 39.8365
105 88160 80885 0.215707 0.0248143 0.0248927 116.335 39.9617
106 83689 80369 0.0692194 0.0429719 0.953783 116.335 39.9736
107 40371 40372 0.664414 0.199776 0.0924587 116.843 39.8185
108 8969 8970 0.036323 0.0234483 0.907541 116.321 39.6333
109 127851 127851 0 0 0.107405 116.749 40.035
110 38631 38633 0.083767 0.186457 0.892595 116.533 39.8235
111 38877 38878 0.140765 0.151443 0.265192 116.506 39.7845
112 72384 72385 0.264656 0.12044 0.288698 116.656 39.8965
113 78818 78819 0.34293 0.281889 0.44611 116.338 39.9455
114 116352 119294 0.111767 0.0235928 0.360325 116.336 40.0771
115 87481 83032 0.114366 0.011981 0.639675 116.318 39.9873
116 9700 6781 0.82945 0.0597818 0.353038 116.48 39.5832
117 19521 19855 0.0110124 0.283217 0.646962 116.48 39.7465
118 154807 154807 0 0 0.206665 116.649 40.3554
119 56587 57976 0.103394 0.215575 0.793335 116.435 39.8832
120 50468 54415 0.0653911 0.116767 0.103323 116.369 39.8408
121 89365 88889 0.0535275 0.0802912 0.896677 116.452 39.9418
122 89604 89938 0.0459174 0.101617 0.321697 116.409 39.9894
123 169305 169305 0 0 0.678303 117.126 40.6392
124 121630 121625 0.204727 0.0811543 0.162933 116.409 40.025
125 169688 169523 0.518758 0.180018 0.837067 117.257 40.6617
126 134828 134958 0.373536 0.179372 0.0242718 116.557 40.1584
127 125437 125436 0.0954218 0.0539945 0.12108 116.503 40.0226
128 55317 63419 0.0844122 0.0669093 0.854648 116.448 39.8869
129 104227 104228 0.0702605 0.232311 1 116.688 39.9715
130 92060 92061 0.384866 0.0440945 0.0189873 116.448 39.9442
131 79329 79341 0.051317 0.133355 0.0387452 116.296 39.9835
132 79947 80932 0.0449202 0.22762 0.0573473 116.299 39.977
133 91104 91102 0.0639637 0.153312 0.20765 116.437 39.9376
134 48646 45375 0.0435607 0.0200135 0.67727 116.273 39.8785
135 75500 75232 0.179637 0.0681891 0.410878 116.212 39.9905
136 80466 83596 0.0988174 0.0275601 0.589122 116.317 39.9721
137 83669 83668 0.0244728 0.0256379 1 116.36 39.9802
138 116786 116787 0.122113 0.0471811 0.0425244 116.303 40.0714
139 88252 81052 0.153367 0.1442 0.957476 116.334 39.9745
140 116008 116009 0.00941618 0.0164768 0.129576 116.316 40.0686
141 79965 79966 0.0852361 0.0886341 0.870424 116.3 39.9743
142 84652 78605 0.135383 0.111912 1 116.329 39.9819
143 103746 103746 0 0 1 116.628 39.931
144 47357 53333 0.165665 0.28933 1 116.278 39.8971
145 110195 109575 0.118216 0.0977675 0.27509 115.989 40.3601
146 88517 88379 0.00731661 0.190804 0.72491 116.405 39.9589
147 113133 114458 0.137073 0.131323 0.0568566 116.215 40.0744
148 38587 36360 0.0901856 0.0364437 0.133403 116.526 39.8084
149 91257 91256 0.493818 0.196939 0.80974 116.448 39.9904
150 3044 3045 0.423956 0.741502 1 115.807 39.8314
151 106335 106335 0 0 0.0676606 116.949 39.9226
152 165045 164474 0.0753891 0.216575 0.266055 117.041 40.1204
153 167825 167628 0.0461565 0.760958 0.313073 117.133 40.3182
154 5306 5305 0.550351 0.27222 0.353211 116.028 39.5269
155 98275 94666 0.132691 0.0404578 1 116.445 39.9283
156 102012 102011 0.841948 0.0817828 0.144139 116.568 39.9347
157 99574 99573 0.172163 0.0961822 0.162388 116.568 39.9474
158 100908 100709 0.0930618 0.0224565 0.328487 116.568 39.9602
159 67820 67819 0.139521 0.0612173 0.364986 116.521 39.9093
160 166109 165884 0.899351 0.0562166 0.047104 117.219 40.1651
161 163391 163395 0.141534 0.0531115 0.0482877 117.037 40.0809
162 69843 71500 0.589663 0.498059 0.904608 116.673 39.9126
163 86167 86168 0.0125995 0.026955 0.269377 116.327 39.9774
164 87468 82997 0.0339149 0.0137342 0.730623 116.321 39.9992
165 75772 75771 0.0254978 0.150587 1 116.214 39.9757
166 68551 66426 0.0695525 0.173329 1 116.519 39.8713
167 92331 92331 0 0 0.315503 116.429 39.9907
168 68744 68748 0.0466283 0.0680264 0.684497 116.621 39.8828
169 62467 62468 0.043205 0.0455361 0.302274 116.403 39.8792
170 79272 79355 0.128369 0.0875045 0.327807 116.326 39.9856
171 85358 84072 0.0364268 0.0740327 0.36992 116.348 39.9296
172 101570 101569 0.0351172 0.491588 1 116.569 39.965
173 49145 54331 0.139884 0.298182 0.0274247 116.359 39.8926
174 55787 57024 0.10738 0.0175508 0.0347826 116.391 39.8877
175 78626 78627 0.0827864 0.0407993 0.152652 116.334 39.9782
176 57677 55031 0.21457 0.0898136 0.234066 116.397 39.8828
177 46749 45249 0.174633 0.31332 0.551075 116.372 39.9024
178 83376 87137 0.102772 0.0068313 1 116.349 39.9732
179 117776 118328 0.136572 0.122223 0.0258545 116.33 40.0452
180 117589 118826 0.0420638 0.0877334 0.0264227 116.268 40.0325
181 129836 129836 0 0 0.041083 116.184 40.1045
182 83096 83097 0.0559691 0.134087 0.0421627 116.345 39.9901
183 90220 88532 0.0813909 0.0882864 0.166065 116.406 39.9308
184 78609 78612 0.0058385 0.14342 0.698412 116.33 39.9817
185 125800 125801 1.11856 0.00593003 1 116.588 40.0348
186 129289 129289 0 0 0.0328587 116.068 40.1106
187 169121 169120 0.0304402 0.0145313 0.0334064 117.133 40.5337
188 133960 134421 0.325166 0.415535 0.0525739 116.494 40.1106
189 171297 171297 0 0 0.0717415 117.186 40.6982
190 153997 153997 0 0 0.12322 116.068 40.3456
191 64249 64250 0.0988759 0.0929882 0.686199 116.494 39.8756
192 65743 65736 0.113307 0.118308 0.253653 116.533 39.9123
193 96862 84185 0.198299 0.0429306 0.746347 116.375 39.9465
194 86168 78617 0.00380167 0.295088 0.0327401 116.329 39.9777
195 78617 86168 0.20682 0.0920698 0.0612925 116.329 39.9786
196 79675 79675 0 0 0.0930808 116.329 39.9776
197 78617 86168 0.220176 0.0787141 0.812887 116.329 39.9784
198 55973 56386 0.040917 0.0712921 0.0193031 116.409 39.8699
199 55833 55833 0 0 0.0413509 116.389 39.8872
200 56016 56016 0 0 0.0422758 116.409 39.8656
201 83423 83423 0 0 0.0645922 116.362 39.9737
202 83408 83410 0.0501099 0.0268039 0.177039 116.358 39.9737
203 54759 65462 0.219475 0.0852109 0.271168 116.409 39.857
204 87103 83388 0.0662156 0.134164 0.384271 116.342 39.9694
205 80122 80123 0.349776 0.0653111 1 116.347 39.9932
206 156023 156024 0.0162386 0.176293 0.0679716 116.739 40.3656
207 135887 135888 0.449669 0.397587 0.932028 116.532 40.1458
208 169961 169962 0.380411 0.462232 0.0967742 116.402 40.669
209 108938 108939 0.617645 0.20166 0.262673 115.883 40.216
210 171172 171172 0 0 0.640553 116.505 41.0465
211 55487 54931 0.0281565 0.075693 0.236458 116.388 39.901
212 83646 83647 0.0148722 0.00606939 0.763542 116.336 39.9843
213 83669 83668 0.0244728 0.0256379 1 116.36 39.9802
214 112492 112492 0 0 0.331575 115.993 40.5184
215 119189 119191 0.240739 0.027948 0.668425 116.373 40.0024
216 114916 115806 0.0895294 0.605282 0.0481827 116.318 40.0704
217 131072 131072 0 0 0.0576859 116.297 40.0891
218 79653 79653 0 0 0.0701901 116.356 39.977
219 119019 119019 0 0 0.122041 116.312 40.0112
220 81057 81053 0.186307 0.106542 0.701901 116.329 39.9738
221 78625 86164 0.0184511 0.0539861 0.0490065 116.326 39.9785
222 86168 78617 0.171782 0.127108 0.138198 116.327 39.9791
223 78614 78613 0.0514108 0.175136 0.231043 116.326 39.9812
224 86165 86165 0 0 0.581752 116.326 39.9778
225 87716 87715 0.140961 0.0184634 0.180559 116.334 39.9453
226 83644 83067 0.0592924 0.0570473 0.819441 116.337 39.9834
227 86782 86783 0.0547899 0.140448 0.18013 116.335 39.9917
228 80087 87543 0.0414382 0.0239505 0.81987 116.333 39.9779
229 7053 7053 0 0 0.144572 116.762 39.4141
230 156445 157313 1.17007 0.52953 0.855428 116.762 40.391
231 86253 78641 0.0116596 0.157482 1 116.348 39.9742
232 112272 112273 0.018017 0.163381 0.0591611 115.975 40.4602
233 161332 161330 0.0740701 0.220835 0.185002 116.026 40.5422
234 79031 78323 0.0944813 0.309088 0.755837 116.37 39.9184
235 42206 43869 0.314235 0.272154 0.0221622 116.225 39.8521
236 26560 26564 0.128056 0.0394441 0.0259459 116.132 39.754
237 142801 142799 0.177161 0.0486745 0.0578378 116.225 40.215
238 132985 132996 0.286961 0.464062 0.0583784 116.399 40.1562
239 120642 120680 0.335094 0.237875 0.835676 116.399 40.0581
240 89268 93597 0.0441933 0.0566543 0.256229 116.446 39.92
241 83373 83733 0.054744 0.0851639 0.743771 116.345 39.9746
242 65429 57615 0.251977 0.142867 0.187267 116.469 39.8864
243 56411 60040 0.00190083 0.11531 0.261624 116.425 39.9
244 125457 122307 0.176977 0.118756 0.551108 116.501 40.0366
245 86197 87102 0.0236327 0.00222961 1 116.34 39.9746
246 95148 95147 0.120311 0.0128699 0.0449772 116.378 39.9521
247 97248 92423 0.113051 0.0594125 0.0836532 116.437 39.9981
248 97350 97351 0.0669072 0.18319 0.119287 116.397 39.9674
249 169698 169573 0.475956 0.605032 0.334178 117.261 40.642
250 79508 79512 0.0406957 0.0211062 0.417904 116.358 39.9367
251 87928 78645 0.00958149 0.303082 1 116.337 39.9712
252 81862 81863 0.0277766 0.0259408 0.0567388 116.354 39.9543
253 89934 98119 0.0128182 0.109547 0.0749168 116.382 39.9769
254 158132 156031 0.322782 0.372615 0.137854 116.849 40.3502
255 81346 81347 0.640646 0.320113 0.730491 116.341 39.943
256 124382 124382 0 0 1 116.6 40.0669
257 122009 122840 0.274295 0.248984 0.0202195 116.406 40.0527
258 80619 86987 0.0759504 0.128375 0.0440766 116.328 39.9837
259 122105 122106 0.513059 0.19423 0.117982 116.403 40.026
260 86743 78614 0.0315538 0.0505952 0.317479 116.325 39.9806
261 122027 122027 0 0 0.500243 116.403 40.0495
262 87905 86158 0.0944992 0.00232736 0.483512 116.323 39.9739
263 75695 77676 0.0525693 0.19218 0.516488 116.215 39.953
264 20196 20196 0 0 1 116.622 39.688
265 80173 79970 0.00700221 0.142392 1 116.31 39.9747
266 115195 115196 0.118488 0.0697841 0.018965 116.334 40.0767
267 117532 117532 0 0 0.0243439 116.331 40.0623
268 115680 115691 0.125339 0.0500805 0.0304646 116.333 40.0746
269 120253 120255 0.0323351 0.0866798 0.0387647 116.331 40.0644
270 116345 116345 0 0 0.042938 116.332 40.0726
271 118350 119632 0.144323 0.157109 0.0575907 116.331 40.0685
272 81131 81050 0.109962 0.0580762 0.0649634 116.331 39.976
273 119649 119647 0.228388 0.0203834 0.72197 116.33 40.0664
274 121476 122007 0.0857817 0.038829 1 116.392 40.057
275 168866 168865 0.445089 0.26394 0.250939 117.137 40.5732
276 171365 171365 0 0 0.749061 117.384 40.9328
277 35087 32279 0.283706 0.0620313 0.175564 116.404 39.8275
278 55186 60419 0.0568851 0.0788343 0.824436 116.457 39.9129
279 168647 168308 0.271524 0.597066 1 117.436 40.4172
280 51410 84535 0.0497652 0.0107099 1 116.26 39.9172
281 106227 106228 0.979244 0.446852 1 116.951 39.9675
282 99922 99913 0.0788456 0.093683 0.215787 116.517 39.9629
283 19135 19140 0.880332 0.566255 0.784213 116.438 39.6755
284 124091 124095 0.034629 0.138575 0.100119 116.561 40.0265
285 45766 48113 0.230497 0.090115 0.256933 116.347 39.8875
286 89372 89936 0.302102 0.00469664 0.642948 116.418 39.9338
287 123568 123567 0.0337596 0.0580385 1 116.428 40.0441
288 88428 88428 0 0 1 116.469 39.9266
289 28416 27708 0.0689802 0.182377 0.0567447 116.353 39.7594
290 93546 94672 0.129592 0.181764 0.186036 116.451 39.9293
291 118000 117999 0.0838933 0.0431078 0.757219 116.328 40.0012
292 121227 120619 0.115428 0.339279 0.0572426 116.465 40.0191
293 121447 122175 0.0433842 0.174724 0.0627088 116.457 40.0113
294 135939 135938 0.128039 0.637168 0.188886 116.532 40.1367
295 92505 92506 0.0924466 0.0536118 0.691163 116.39 39.9721
296 6866 6865 0.763547 0.100096 1 116.403 39.5268
297 165710 165710 0 0 0.359317 117.219 40.0351
298 106581 106581 0 0 0.640683 117.154 39.6775
299 50424 52100 0.0461355 0.0676792 1 116.37 39.8514
300 115513 115514 0.335028 0.00768966 1 116.338 40.0067
301 50344 50347 0.0665531 0.0303542 0.10413 116.364 39.8461
302 9395 9210 0.0879868 0.10553 0.89587 116.333 39.5923
303 114777 114778 0.082823 0.138382 0.163837 116.315 40.0711
304 86695 86694 0.136418 0.0956768 0.836163 116.315 39.9964
305 169551 169552 0.799495 0.269959 0.0209348 117.206 40.6007
306 168401 168400 0.277405 0.106271 0.0276922 117.038 40.472
307 158369 158370 0.16041 0.65515 0.0350128 116.87 40.3433
308 147322 147323 0.126145 0.165885 0.0417039 116.702 40.2147
309 136543 135688 0.544876 0.110035 0.874656 116.534 40.086
310 122539 122926 0.319364 0.311473 0.0824482 116.382 40.0266
311 153846 153870 0.0133887 0.503215 0.158152 116.02 40.3577
312 83764 83765 0.0338083 0.0384741 0.7594 116.356 39.9639
313 88634 88448 0.0764839 0.0584886 0.030853 116.471 39.9781
314 99228 98938 0.245959 0.069343 0.0437387 116.484 39.9881
315 91195 88360 0.595647 0.0549663 0.925408 116.483 39.9852
316 83509 82302 0.207176 0.309031 0.0294722 116.318 39.9679
317 80466 83596 0.111506 0.0148716 0.0307619 116.317 39.9721
318 82290 82292 0.0598679 0.0377056 0.0486267 116.315 39.97
319 84704 84704 0 0 0.25049 116.268 39.9912
320 79070 79072 0.587308 0.163478 0.64065 116.314 39.9679
321 83306 86178 0.0165573 0.0259816 0.264874 116.33 39.9752
322 80854 84916 0.0186419 0.0667113 0.735126 116.339 39.9519
323 83242 85952 0.015967 0.0422102 0.0995643 116.355 39.9832
324 83640 83640 0 0 0.900436 116.346 39.9898
325 31102 29555 0.0301168 0.0180861 1 116.332 39.7857
326 159046 159046 0 0 0.0173831 116.912 40.4117
327 169446 169447 0.0212213 0.826649 0.0177694 117.141 40.6661
328 158589 158765 0.209679 0.0443968 0.0267645 116.893 40.3958
329 92520 97349 0.0750739 0.0139758 0.106451 116.398 39.9665
330 169492 169494 0.21866 0.658116 0.107334 117.16 40.6502
331 171442 171443 0.375182 0.429609 0.309641 117.274 40.6979
332 157095 157154 0.0687478 0.113935 0.414657 116.855 40.364
333 83669 83668 0.0244728 0.0256379 1 116.36 39.9802
334 52840 52841 0.113497 0.0695636 1 116.365 39.9049
335 116663 117138 0.342321 0.100853 0.0101955 116.281 40.0495
336 114576 117395 0.169024 0.0600772 0.0105554 116.314 40.0314
337 120183 118499 0.0929601 0.047649 0.0127384 116.327 40.0018
338 79546 78535 0.0778629 0.156642 0.0165287 116.32 39.9972
339 83990 83989 0.0227827 0.0291767 0.0207509 116.346 39.9404
340 120295 120293 0.0362071 0.0542188 0.0239415 116.323 40.0109
341 84177 117405 0.216175 0.00150597 0.0945184 116.319 40.0018
342 117707 117708 0.0950996 0.0630812 0.810771 116.32 40.0063
343 93509 93506 0.062964 0.0769618 1 116.459 39.9366
344 54839 54837 0.130486 0.121763 0.0309697 116.41 39.9068
345 86317 78495 0.118487 0.0723417 0.0314377 116.344 39.962
346 79272 79355 0.0968332 0.119041 0.197441 116.326 39.985
347 54963 54814 0.176572 0.0594922 0.20259 116.45 39.8608
348 121453 123810 0.305506 0.823812 0.252204 116.388 40.0539
349 59096 61865 0.0694259 0.0177421 0.285358 116.419 39.8562
350 114870 118334 0.189864 0.24501 0.123883 116.323 40.0489
351 141770 141771 0.07779 0.441014 0.126941 116.197 40.2181
352 153841 153840 0.733829 0.207359 0.163635 116.03 40.3376
353 90239 90238 0.0252668 0.1705 0.585542 116.406 39.9892
354 102979 103924 0.107129 0.715955 1 116.673 39.959
355 107067 107067 0 0 0.126214 117.2 39.7738
356 108110 108110 0 0 0.131509 117.2 39.9494
357 106635 106635 0 0 0.742277 117.095 39.5982
358 61698 61579 0.186512 0.0616142 0.393342 116.377 39.8976
359 18126 18124 0.0712843 0.647349 0.606658 116.319 39.7084
360 83701 83700 0.0140662 0.0977955 0.367304 116.327 39.9687
361 79705 84040 0.225961 0.049147 0.632696 116.321 39.9387
362 69035 67269 0.056461 0.0565222 0.367093 116.51 39.8985
363 100898 99550 0.0877953 0.44856 0.632907 116.555 39.9538
364 83597 80184 0.0172655 0.169693 0.0447631 116.307 39.9722
365 88090 80182 0.289764 0.0682761 0.051427 116.306 39.9712
366 79684 79683 0.0507179 0.256621 0.0731691 116.308 39.9733
367 87850 86555 0.105798 0.0701936 0.165253 116.323 39.9955
368 80175 80181 0.269852 0.0923361 0.665388 116.305 39.9701
369 82037 80153 0.173869 0.065209 0.219955 116.332 39.9929
370 80263 83726 0.0368946 0.0239767 0.780045 116.329 39.9668
371 78570 80408 0.162128 0.137739 1 116.325 39.9873
372 37393 37238 0.336759 0.185195 0.0121565 116.595 39.7947
373 127546 127547 0.879926 0.0209658 0.0204274 116.663 40.0264
374 100506 100507 0.253039 0.721024 0.183847 116.526 39.9337
375 60589 60590 0.0376365 0.0488922 0.783569 116.457 39.8874
376 106632 106632 0 0 1 117.356 39.4742
377 94911 89432 0.188832 0.0781064 0.0331094 116.381 39.9683
378 122022 122021 0.023295 0.180919 0.421317 116.4 40.0423
379 92190 96312 0.0989036 0.0720866 0.545574 116.381 39.971
380 114543 114821 0.018071 0.121732 0.029074 116.316 40.0298
381 83609 80192 0.0388036 0.10383 0.0353136 116.333 39.9945
382 117447 117447 0 0 0.0552937 116.311 40.0671
383 114777 114778 0.0711857 0.150019 0.056223 116.315 40.071
384 118416 118415 0.292073 0.0186412 0.316562 116.315 40.0278
385 79674 87098 0.0851137 0.00818218 0.507534 116.331 39.9768
386 78460 78461 0.100862 0.0704816 1 116.319 39.9719
387 80835 83707 0.0971358 0.073751 1 116.326 39.9614
388 5662 5662 0 0 1 116.161 39.4779
389 90802 93952 0.0539499 0.281924 1 116.399 39.932
390 39253 39251 0.233026 0.109541 1 116.747 39.7627
391 80369 86188 0.0722195 0.03767 0.442551 116.336 39.9748
392 94945 94943 0.0347924 0.0982504 0.557449 116.378 39.9384
393 81049 81048 0.0186853 0.0322046 1 116.332 39.9777
394 118395 118393 0.088521 0.0326177 0.0441218 116.313 40.0317
395 117504 117496 0.115354 0.101917 0.415884 116.32 40.0691
396 115425 115445 0.0865023 0.0442422 0.539994 116.33 40.0092
397 108433 108433 0 0 0.026338 115.619 40.0227
398 162134 162135 0.106512 0.736456 0.973662 116.373 40.5344